{
 "cells": [
  {
   "cell_type": "code",
   "execution_count": 2,
   "id": "8a05450f",
   "metadata": {},
   "outputs": [],
   "source": [
    "import numpy as np"
   ]
  },
  {
   "cell_type": "code",
   "execution_count": 15,
   "id": "f9d20c95",
   "metadata": {},
   "outputs": [],
   "source": [
    "arr=np.random.randint(500, size=500)+1"
   ]
  },
  {
   "cell_type": "code",
   "execution_count": 23,
   "id": "6febb357",
   "metadata": {},
   "outputs": [
    {
     "data": {
      "text/plain": [
       "array([[190, 153, 143, 490,  60,  90, 373, 473, 439,  68, 236, 424, 451,\n",
       "        266,  72, 102, 370,  16, 388,  72, 500,  14, 210, 221, 166, 365,\n",
       "        451, 157, 115, 174,   6, 215, 352, 291,  32, 500, 409, 449, 145,\n",
       "        374, 254,   2, 132, 469, 356, 153, 300, 265,  42,  91],\n",
       "       [274, 467, 288, 126, 154, 437, 356, 475, 311, 235,  32, 461, 280,\n",
       "        497, 206,  97, 135, 276, 259, 298, 479, 320, 258,  45, 440, 274,\n",
       "        166,  13, 488, 250, 186,  13, 423,  28, 461, 421, 295, 453, 146,\n",
       "         23,  66,  20, 343, 464, 373,  61, 415, 215, 288, 377],\n",
       "       [136,  72, 246, 210, 292, 264, 230,  17, 111, 197, 284, 353, 386,\n",
       "        254,   1,  57, 231, 118,  47, 485, 348, 115,  91,  95, 428, 315,\n",
       "        352,  69, 408, 109,  41, 496, 434, 399,   5, 435, 331, 230, 371,\n",
       "        184, 378, 329, 246,  20, 185, 127,  73, 313, 204, 492],\n",
       "       [137, 265, 270, 243, 415, 291, 225, 324, 332, 119, 207,  43, 439,\n",
       "        297, 308, 419, 149, 184, 101, 217, 336, 473, 248, 264, 486, 262,\n",
       "        458,  56, 223, 224, 201, 194, 441, 303, 117,  89,  39, 392, 359,\n",
       "        140, 262, 321, 294, 280, 168, 221, 408, 108,  24, 284],\n",
       "       [ 53,  28,  70,  56, 100, 107, 413, 210, 126, 339, 218,  80, 476,\n",
       "        487, 314, 369, 111,   8, 327,   7, 475, 226, 424, 342, 473, 253,\n",
       "        219,  95, 406, 383, 236,  17, 293, 100,  94, 211, 241,  96, 400,\n",
       "        222,  48, 331, 472, 307, 137, 363, 106, 401,  13, 344],\n",
       "       [226,  18, 116, 366, 208, 423,  38, 451, 203, 294, 427,  74,  12,\n",
       "        347, 147,  29, 316, 358, 155,  73, 277, 336,  98, 189, 473,  53,\n",
       "        313,  92, 265, 155, 346,  17, 249, 488, 200, 417, 413, 375, 387,\n",
       "          2,  10, 461, 384, 302,  27,  83,  81, 281, 281, 337],\n",
       "       [336, 328, 316, 204,  27, 414,  73, 255, 108, 500, 192, 140, 401,\n",
       "        187, 326, 486, 136,  61, 333, 295, 171, 467,  28, 150, 373, 217,\n",
       "        332, 111, 151, 315, 469, 248, 397, 301, 164, 113, 338, 208, 176,\n",
       "        392, 295,  56, 283,  91, 214, 224, 219, 146, 216, 314],\n",
       "       [228, 455, 330, 329, 242, 245, 205, 173, 448, 222, 119, 449, 186,\n",
       "        493, 246, 370, 454, 488, 297, 362, 165, 184, 453, 203, 435, 104,\n",
       "        397, 498, 357, 297, 183, 328, 483, 134,  53,  34, 260, 117, 313,\n",
       "        476,  13, 437, 346, 220,  51, 149, 168, 200,  86, 232],\n",
       "       [386,  34, 240, 488, 316, 320, 180, 126, 306, 332, 231, 199, 406,\n",
       "        123,  75, 302, 180, 160, 233, 424, 167,   4, 186, 295, 127,  39,\n",
       "        434, 129, 327,  48, 140,  51, 241, 167,  70,  23,  53, 439, 365,\n",
       "        349, 227, 140, 191,  34, 359, 220, 481,  82, 170, 284],\n",
       "       [297,  33, 233, 365, 405, 192, 457, 407,  49, 173, 456, 343, 298,\n",
       "        198,  62, 447, 127, 445, 155, 157, 251,  55, 199, 381,  13, 191,\n",
       "        182, 369, 270, 350, 464, 147, 312, 417, 343, 469, 277, 232, 416,\n",
       "        166,  75, 218,  76, 347, 139, 452, 428, 355,  76,  87]])"
      ]
     },
     "execution_count": 23,
     "metadata": {},
     "output_type": "execute_result"
    }
   ],
   "source": [
    "x=arr.reshape(10,50)\n",
    "x"
   ]
  },
  {
   "cell_type": "code",
   "execution_count": 25,
   "id": "f4e1be65",
   "metadata": {},
   "outputs": [
    {
     "data": {
      "text/plain": [
       "array([12086, 13468, 11614, 12660, 11627, 11673, 12297, 13717, 10903,\n",
       "       13056])"
      ]
     },
     "execution_count": 25,
     "metadata": {},
     "output_type": "execute_result"
    }
   ],
   "source": [
    "a=np.sum(x,axis=1)\n",
    "a"
   ]
  },
  {
   "cell_type": "code",
   "execution_count": 26,
   "id": "c132ab62",
   "metadata": {},
   "outputs": [
    {
     "data": {
      "text/plain": [
       "array([2263, 1853, 2252, 2877, 2219, 2783, 2550, 2911, 2433, 2479, 2402,\n",
       "       2566, 3335, 3149, 1757, 2678, 2209, 2114, 2295, 2390, 3169, 2194,\n",
       "       2195, 2185, 3414, 2073, 3304, 1589, 3010, 2305, 2272, 1726, 3625,\n",
       "       2628, 1539, 2712, 2656, 2991, 3078, 2328, 1628, 2315, 2767, 2534,\n",
       "       2009, 2053, 2679, 2366, 1400, 2842])"
      ]
     },
     "execution_count": 26,
     "metadata": {},
     "output_type": "execute_result"
    }
   ],
   "source": [
    "b=np.sum(x,axis=0)\n",
    "b"
   ]
  },
  {
   "cell_type": "code",
   "execution_count": 28,
   "id": "1f0cddde",
   "metadata": {},
   "outputs": [
    {
     "data": {
      "text/plain": [
       "123101"
      ]
     },
     "execution_count": 28,
     "metadata": {},
     "output_type": "execute_result"
    }
   ],
   "source": [
    "c=np.sum(x)\n",
    "c"
   ]
  },
  {
   "cell_type": "code",
   "execution_count": 29,
   "id": "236699ae",
   "metadata": {},
   "outputs": [
    {
     "data": {
      "text/plain": [
       "1"
      ]
     },
     "execution_count": 29,
     "metadata": {},
     "output_type": "execute_result"
    }
   ],
   "source": [
    "np.min(x)"
   ]
  },
  {
   "cell_type": "code",
   "execution_count": 30,
   "id": "76e99391",
   "metadata": {},
   "outputs": [
    {
     "data": {
      "text/plain": [
       "500"
      ]
     },
     "execution_count": 30,
     "metadata": {},
     "output_type": "execute_result"
    }
   ],
   "source": [
    "np.max(x)"
   ]
  },
  {
   "cell_type": "code",
   "execution_count": 32,
   "id": "344970a2",
   "metadata": {},
   "outputs": [
    {
     "data": {
      "text/plain": [
       "246.202"
      ]
     },
     "execution_count": 32,
     "metadata": {},
     "output_type": "execute_result"
    }
   ],
   "source": [
    "np.mean(x)"
   ]
  },
  {
   "cell_type": "code",
   "execution_count": 33,
   "id": "35d7d1d5",
   "metadata": {},
   "outputs": [
    {
     "data": {
      "text/plain": [
       "141.6515061550706"
      ]
     },
     "execution_count": 33,
     "metadata": {},
     "output_type": "execute_result"
    }
   ],
   "source": [
    "np.std(x)"
   ]
  },
  {
   "cell_type": "code",
   "execution_count": 34,
   "id": "b8255113",
   "metadata": {},
   "outputs": [
    {
     "data": {
      "text/plain": [
       "array([[226,  18, 116, 366, 208, 423,  38, 451, 203, 294, 427,  74,  12,\n",
       "        347, 147,  29, 316, 358, 155,  73, 277, 336,  98, 189, 473,  53,\n",
       "        313,  92, 265, 155, 346,  17, 249, 488, 200, 417, 413, 375, 387,\n",
       "          2,  10, 461, 384, 302,  27,  83,  81, 281, 281, 337],\n",
       "       [ 53,  28,  70,  56, 100, 107, 413, 210, 126, 339, 218,  80, 476,\n",
       "        487, 314, 369, 111,   8, 327,   7, 475, 226, 424, 342, 473, 253,\n",
       "        219,  95, 406, 383, 236,  17, 293, 100,  94, 211, 241,  96, 400,\n",
       "        222,  48, 331, 472, 307, 137, 363, 106, 401,  13, 344],\n",
       "       [297,  33, 233, 365, 405, 192, 457, 407,  49, 173, 456, 343, 298,\n",
       "        198,  62, 447, 127, 445, 155, 157, 251,  55, 199, 381,  13, 191,\n",
       "        182, 369, 270, 350, 464, 147, 312, 417, 343, 469, 277, 232, 416,\n",
       "        166,  75, 218,  76, 347, 139, 452, 428, 355,  76,  87],\n",
       "       [386,  34, 240, 488, 316, 320, 180, 126, 306, 332, 231, 199, 406,\n",
       "        123,  75, 302, 180, 160, 233, 424, 167,   4, 186, 295, 127,  39,\n",
       "        434, 129, 327,  48, 140,  51, 241, 167,  70,  23,  53, 439, 365,\n",
       "        349, 227, 140, 191,  34, 359, 220, 481,  82, 170, 284],\n",
       "       [136,  72, 246, 210, 292, 264, 230,  17, 111, 197, 284, 353, 386,\n",
       "        254,   1,  57, 231, 118,  47, 485, 348, 115,  91,  95, 428, 315,\n",
       "        352,  69, 408, 109,  41, 496, 434, 399,   5, 435, 331, 230, 371,\n",
       "        184, 378, 329, 246,  20, 185, 127,  73, 313, 204, 492],\n",
       "       [190, 153, 143, 490,  60,  90, 373, 473, 439,  68, 236, 424, 451,\n",
       "        266,  72, 102, 370,  16, 388,  72, 500,  14, 210, 221, 166, 365,\n",
       "        451, 157, 115, 174,   6, 215, 352, 291,  32, 500, 409, 449, 145,\n",
       "        374, 254,   2, 132, 469, 356, 153, 300, 265,  42,  91],\n",
       "       [137, 265, 270, 243, 415, 291, 225, 324, 332, 119, 207,  43, 439,\n",
       "        297, 308, 419, 149, 184, 101, 217, 336, 473, 248, 264, 486, 262,\n",
       "        458,  56, 223, 224, 201, 194, 441, 303, 117,  89,  39, 392, 359,\n",
       "        140, 262, 321, 294, 280, 168, 221, 408, 108,  24, 284],\n",
       "       [336, 328, 316, 204,  27, 414,  73, 255, 108, 500, 192, 140, 401,\n",
       "        187, 326, 486, 136,  61, 333, 295, 171, 467,  28, 150, 373, 217,\n",
       "        332, 111, 151, 315, 469, 248, 397, 301, 164, 113, 338, 208, 176,\n",
       "        392, 295,  56, 283,  91, 214, 224, 219, 146, 216, 314],\n",
       "       [228, 455, 330, 329, 242, 245, 205, 173, 448, 222, 119, 449, 186,\n",
       "        493, 246, 370, 454, 488, 297, 362, 165, 184, 453, 203, 435, 104,\n",
       "        397, 498, 357, 297, 183, 328, 483, 134,  53,  34, 260, 117, 313,\n",
       "        476,  13, 437, 346, 220,  51, 149, 168, 200,  86, 232],\n",
       "       [274, 467, 288, 126, 154, 437, 356, 475, 311, 235,  32, 461, 280,\n",
       "        497, 206,  97, 135, 276, 259, 298, 479, 320, 258,  45, 440, 274,\n",
       "        166,  13, 488, 250, 186,  13, 423,  28, 461, 421, 295, 453, 146,\n",
       "         23,  66,  20, 343, 464, 373,  61, 415, 215, 288, 377]])"
      ]
     },
     "execution_count": 34,
     "metadata": {},
     "output_type": "execute_result"
    }
   ],
   "source": [
    "x[np.argsort(x[:, 1])]"
   ]
  },
  {
   "cell_type": "code",
   "execution_count": 54,
   "id": "9ad4a4c3",
   "metadata": {},
   "outputs": [
    {
     "data": {
      "text/plain": [
       "array([[  2,   6,  14,  16,  32,  42,  60,  68,  72,  72,  90,  91, 102,\n",
       "        115, 132, 143, 145, 153, 153, 157, 166, 174, 190, 210, 215, 221,\n",
       "        236, 254, 265, 266, 291, 300, 352, 356, 365, 370, 373, 374, 388,\n",
       "        409, 424, 439, 449, 451, 451, 469, 473, 490, 500, 500],\n",
       "       [ 13,  13,  20,  23,  28,  32,  45,  61,  66,  97, 126, 135, 146,\n",
       "        154, 166, 186, 206, 215, 235, 250, 258, 259, 274, 274, 276, 280,\n",
       "        288, 288, 295, 298, 311, 320, 343, 356, 373, 377, 415, 421, 423,\n",
       "        437, 440, 453, 461, 461, 464, 467, 475, 479, 488, 497],\n",
       "       [  1,   5,  17,  20,  41,  47,  57,  69,  72,  73,  91,  95, 109,\n",
       "        111, 115, 118, 127, 136, 184, 185, 197, 204, 210, 230, 230, 231,\n",
       "        246, 246, 254, 264, 284, 292, 313, 315, 329, 331, 348, 352, 353,\n",
       "        371, 378, 386, 399, 408, 428, 434, 435, 485, 492, 496],\n",
       "       [ 24,  39,  43,  56,  89, 101, 108, 117, 119, 137, 140, 149, 168,\n",
       "        184, 194, 201, 207, 217, 221, 223, 224, 225, 243, 248, 262, 262,\n",
       "        264, 265, 270, 280, 284, 291, 294, 297, 303, 308, 321, 324, 332,\n",
       "        336, 359, 392, 408, 415, 419, 439, 441, 458, 473, 486],\n",
       "       [  7,   8,  13,  17,  28,  48,  53,  56,  70,  80,  94,  95,  96,\n",
       "        100, 100, 106, 107, 111, 126, 137, 210, 211, 218, 219, 222, 226,\n",
       "        236, 241, 253, 293, 307, 314, 327, 331, 339, 342, 344, 363, 369,\n",
       "        383, 400, 401, 406, 413, 424, 472, 473, 475, 476, 487],\n",
       "       [  2,  10,  12,  17,  18,  27,  29,  38,  53,  73,  74,  81,  83,\n",
       "         92,  98, 116, 147, 155, 155, 189, 200, 203, 208, 226, 249, 265,\n",
       "        277, 281, 281, 294, 302, 313, 316, 336, 337, 346, 347, 358, 366,\n",
       "        375, 384, 387, 413, 417, 423, 427, 451, 461, 473, 488],\n",
       "       [ 27,  28,  56,  61,  73,  91, 108, 111, 113, 136, 140, 146, 150,\n",
       "        151, 164, 171, 176, 187, 192, 204, 208, 214, 216, 217, 219, 224,\n",
       "        248, 255, 283, 295, 295, 301, 314, 315, 316, 326, 328, 332, 333,\n",
       "        336, 338, 373, 392, 397, 401, 414, 467, 469, 486, 500],\n",
       "       [ 13,  34,  51,  53,  86, 104, 117, 119, 134, 149, 165, 168, 173,\n",
       "        183, 184, 186, 200, 203, 205, 220, 222, 228, 232, 242, 245, 246,\n",
       "        260, 297, 297, 313, 328, 329, 330, 346, 357, 362, 370, 397, 435,\n",
       "        437, 448, 449, 453, 454, 455, 476, 483, 488, 493, 498],\n",
       "       [  4,  23,  34,  34,  39,  48,  51,  53,  70,  75,  82, 123, 126,\n",
       "        127, 129, 140, 140, 160, 167, 167, 170, 180, 180, 186, 191, 199,\n",
       "        220, 227, 231, 233, 240, 241, 284, 295, 302, 306, 316, 320, 327,\n",
       "        332, 349, 359, 365, 386, 406, 424, 434, 439, 481, 488],\n",
       "       [ 13,  33,  49,  55,  62,  75,  76,  76,  87, 127, 139, 147, 155,\n",
       "        157, 166, 173, 182, 191, 192, 198, 199, 218, 232, 233, 251, 270,\n",
       "        277, 297, 298, 312, 343, 343, 347, 350, 355, 365, 369, 381, 405,\n",
       "        407, 416, 417, 428, 445, 447, 452, 456, 457, 464, 469]])"
      ]
     },
     "execution_count": 54,
     "metadata": {},
     "output_type": "execute_result"
    }
   ],
   "source": [
    "np.sort(x, axis = 1)"
   ]
  },
  {
   "cell_type": "code",
   "execution_count": null,
   "id": "6faa2497",
   "metadata": {},
   "outputs": [],
   "source": []
  }
 ],
 "metadata": {
  "kernelspec": {
   "display_name": "Python 3",
   "language": "python",
   "name": "python3"
  },
  "language_info": {
   "codemirror_mode": {
    "name": "ipython",
    "version": 3
   },
   "file_extension": ".py",
   "mimetype": "text/x-python",
   "name": "python",
   "nbconvert_exporter": "python",
   "pygments_lexer": "ipython3",
   "version": "3.8.8"
  }
 },
 "nbformat": 4,
 "nbformat_minor": 5
}
